{
    "intrinsic_parameters": {
        "focal_length": [
            956.6371790479928,
            957.551395437328
        ],
        "skew": 0.0,
        "principal_point": [
            369.0548800884791,
            651.414191517914
        ]
    },
    "extrinsic_parameters": [
        {
            "image_id": "1",
            "rotation_matrix": [
                [
                    0.9969984716073393,
                    0.01387206059401842,
                    -0.07616832378033012
                ],
                [
                    -0.025115354154233025,
                    0.9885626980763305,
                    -0.14870444162079802
                ],
                [
                    0.07323432663947127,
                    0.1501710954442357,
                    0.9859439007847969
                ]
            ],
            "translation_vector": [
                -3.9382951643112047,
                -3.6171628293839353,
                14.659111357232524
            ]
        },
        {
            "image_id": "10",
            "rotation_matrix": [
                [
                    0.9982833293027676,
                    0.05391999286630991,
                    -0.022869823031214334
                ],
                [
                    -0.050690182241526494,
                    0.9910078713357054,
                    0.12383014324062977
                ],
                [
                    0.029341095080156865,
                    -0.12245829216501078,
                    0.9920398514271118
                ]
            ],
            "translation_vector": [
                -3.9382951643112047,
                -3.6171628293839353,
                14.659111357232524
            ]
        },
        {
            "image_id": "11",
            "rotation_matrix": [
                [
                    0.9172613443543308,
                    -0.003588548682833058,
                    -0.39826969313724686
                ],
                [
                    -0.07743035180506871,
                    0.979274048676762,
                    -0.18715469058392878
                ],
                [
                    0.3906867885821443,
                    0.2025079255401471,
                    0.8979723677935737
                ]
            ],
            "translation_vector": [
                -3.9382951643112047,
                -3.6171628293839353,
                14.659111357232524
            ]
        },
        {
            "image_id": "12",
            "rotation_matrix": [
                [
                    0.9173693977117047,
                    -0.19600126046901828,
                    -0.3464345450970792
                ],
                [
                    -0.0180398857673921,
                    0.848990052904375,
                    -0.528100797756381
                ],
                [
                    0.3976279047848172,
                    0.4907131503882718,
                    0.7753016531469888
                ]
            ],
            "translation_vector": [
                -3.9382951643112047,
                -3.6171628293839353,
                14.659111357232524
            ]
        },
        {
            "image_id": "13",
            "rotation_matrix": [
                [
                    0.930602419785836,
                    -0.07528469152160916,
                    0.3582057390819454
                ],
                [
                    -0.0795193632701893,
                    0.9136648225933643,
                    0.3986141778970483
                ],
                [
                    -0.3572895284693497,
                    -0.39943561080345874,
                    0.8442721040447905
                ]
            ],
            "translation_vector": [
                -3.9382951643112047,
                -3.6171628293839353,
                14.659111357232524
            ]
        },
        {
            "image_id": "14",
            "rotation_matrix": [
                [
                    0.9878516656613565,
                    0.14867539425850926,
                    0.045218511609298864
                ],
                [
                    -0.126167458744857,
                    0.9372000907049117,
                    -0.32517343424174455
                ],
                [
                    -0.09072408172006079,
                    0.3155180139465609,
                    0.9445726673323073
                ]
            ],
            "translation_vector": [
                -3.9382951643112047,
                -3.6171628293839353,
                14.659111357232524
            ]
        },
        {
            "image_id": "15",
            "rotation_matrix": [
                [
                    0.991161584300739,
                    0.035618595540988215,
                    -0.12778900366673435
                ],
                [
                    -0.09617688016537675,
                    0.8564069090476105,
                    -0.5072644417433305
                ],
                [
                    0.09137133865772086,
                    0.5150713754298577,
                    0.8522633141727332
                ]
            ],
            "translation_vector": [
                -3.9382951643112047,
                -3.6171628293839353,
                14.659111357232524
            ]
        },
        {
            "image_id": "16",
            "rotation_matrix": [
                [
                    0.9970109559624821,
                    -0.02798631508798583,
                    0.07201333111704773
                ],
                [
                    0.011707251295892236,
                    0.9760492829933107,
                    0.2172342915732661
                ],
                [
                    -0.07636814753463912,
                    -0.21574189054525303,
                    0.973459471527237
                ]
            ],
            "translation_vector": [
                -3.9382951643112047,
                -3.6171628293839353,
                14.659111357232524
            ]
        },
        {
            "image_id": "17",
            "rotation_matrix": [
                [
                    0.9954348958663304,
                    0.0015469983948421476,
                    -0.0954304714834538
                ],
                [
                    0.01738288377629347,
                    0.9802070111442489,
                    0.19721067581466822
                ],
                [
                    0.09384670182381374,
                    -0.19796924533781668,
                    0.9757053727725227
                ]
            ],
            "translation_vector": [
                -3.9382951643112047,
                -3.6171628293839353,
                14.659111357232524
            ]
        },
        {
            "image_id": "18",
            "rotation_matrix": [
                [
                    0.9892467843725529,
                    -0.007156846745743836,
                    -0.14608072820609055
                ],
                [
                    0.018121359586876697,
                    0.997103530290232,
                    0.07386586633540121
                ],
                [
                    0.14512896311655668,
                    -0.07571875215172383,
                    0.9865111528195203
                ]
            ],
            "translation_vector": [
                -3.9382951643112047,
                -3.6171628293839353,
                14.659111357232524
            ]
        },
        {
            "image_id": "19",
            "rotation_matrix": [
                [
                    0.9941755019673816,
                    -0.0029257618581325306,
                    -0.10773351941459278
                ],
                [
                    -0.006433628673082238,
                    0.9962375534585511,
                    -0.08642537533049699
                ],
                [
                    0.10758103787378998,
                    0.08661510836147399,
                    0.9904161465230301
                ]
            ],
            "translation_vector": [
                -3.9382951643112047,
                -3.6171628293839353,
                14.659111357232524
            ]
        },
        {
            "image_id": "2",
            "rotation_matrix": [
                [
                    0.8905215986085901,
                    -0.24194978844717027,
                    -0.38526819526398837
                ],
                [
                    0.12245551492769183,
                    0.9430773715699101,
                    -0.3092082115607274
                ],
                [
                    0.4381505783122909,
                    0.2281783756256479,
                    0.869458854472968
                ]
            ],
            "translation_vector": [
                -3.9382951643112047,
                -3.6171628293839353,
                14.659111357232524
            ]
        },
        {
            "image_id": "20",
            "rotation_matrix": [
                [
                    0.9907025110585341,
                    -0.012051258648279575,
                    -0.13551126059227414
                ],
                [
                    -0.0024022739295795773,
                    0.9943639497998812,
                    -0.1059932281721174
                ],
                [
                    0.13602486413256298,
                    0.10533329247380216,
                    0.9850899115483551
                ]
            ],
            "translation_vector": [
                -3.9382951643112047,
                -3.6171628293839353,
                14.659111357232524
            ]
        },
        {
            "image_id": "21",
            "rotation_matrix": [
                [
                    0.8915228847017014,
                    0.4423283190121913,
                    -0.09763505647566421
                ],
                [
                    -0.4513366276085722,
                    0.8490980343551678,
                    -0.2744590618527858
                ],
                [
                    -0.038499280929363486,
                    0.28875281168161704,
                    0.9566293007815947
                ]
            ],
            "translation_vector": [
                -3.9382951643112047,
                -3.6171628293839353,
                14.659111357232524
            ]
        },
        {
            "image_id": "22",
            "rotation_matrix": [
                [
                    0.9215920254921895,
                    -0.14427839395761238,
                    -0.3603496684974407
                ],
                [
                    0.16156376571668712,
                    0.9866955259247874,
                    0.018140802833689004
                ],
                [
                    0.3529380797769586,
                    -0.07493786864476029,
                    0.9326408889204536
                ]
            ],
            "translation_vector": [
                -3.9382951643112047,
                -3.6171628293839353,
                14.659111357232524
            ]
        },
        {
            "image_id": "23",
            "rotation_matrix": [
                [
                    0.9542781079718229,
                    -0.24952477537178794,
                    -0.16459246374417236
                ],
                [
                    0.17666945761696698,
                    0.914965317930265,
                    -0.3628034863808448
                ],
                [
                    0.24112485436189407,
                    0.31713696325157037,
                    0.91721477918126
                ]
            ],
            "translation_vector": [
                -3.9382951643112047,
                -3.6171628293839353,
                14.659111357232524
            ]
        },
        {
            "image_id": "24",
            "rotation_matrix": [
                [
                    0.9992381010274409,
                    -0.01584383466439626,
                    0.0356677775898786
                ],
                [
                    0.019701551684417125,
                    0.9936757919745227,
                    -0.11054532692534497
                ],
                [
                    -0.03369074526186697,
                    0.11116381311799461,
                    0.9932308595370805
                ]
            ],
            "translation_vector": [
                -3.9382951643112047,
                -3.6171628293839353,
                14.659111357232524
            ]
        },
        {
            "image_id": "25",
            "rotation_matrix": [
                [
                    0.9724728577898406,
                    -0.06674730179855028,
                    -0.2232517381000063
                ],
                [
                    0.08391430295665549,
                    0.9941292592965476,
                    0.06830377419876799
                ],
                [
                    0.21738199240360087,
                    -0.0851575804794317,
                    0.972364775105274
                ]
            ],
            "translation_vector": [
                -3.9382951643112047,
                -3.6171628293839353,
                14.659111357232524
            ]
        },
        {
            "image_id": "3",
            "rotation_matrix": [
                [
                    0.9623967853564163,
                    -0.011542213080226885,
                    -0.27140229338170063
                ],
                [
                    -0.015179268759820624,
                    0.9952509129280604,
                    -0.09615201566155215
                ],
                [
                    0.27122318731176576,
                    0.0966560791314901,
                    0.957651076870576
                ]
            ],
            "translation_vector": [
                -3.9382951643112047,
                -3.6171628293839353,
                14.659111357232524
            ]
        },
        {
            "image_id": "4",
            "rotation_matrix": [
                [
                    0.9849245633798,
                    0.04927856368966116,
                    -0.16581684960158374
                ],
                [
                    -0.022416757775943683,
                    0.9868422411308172,
                    0.1601245767854537
                ],
                [
                    0.1715257806334806,
                    -0.15399355272409945,
                    0.973069829096291
                ]
            ],
            "translation_vector": [
                -3.9382951643112047,
                -3.6171628293839353,
                14.659111357232524
            ]
        },
        {
            "image_id": "5",
            "rotation_matrix": [
                [
                    0.9026368631770029,
                    0.16534949326055093,
                    -0.3973741792221274
                ],
                [
                    -0.09497642071244776,
                    0.9770224945579767,
                    0.19080493871061172
                ],
                [
                    0.4197930117839416,
                    -0.13448639413036245,
                    0.8976008227776867
                ]
            ],
            "translation_vector": [
                -3.9382951643112047,
                -3.6171628293839353,
                14.659111357232524
            ]
        },
        {
            "image_id": "6",
            "rotation_matrix": [
                [
                    0.9963963765410065,
                    0.0161202033674611,
                    -0.0832730440139203
                ],
                [
                    -0.026698518821839875,
                    0.9914757643390514,
                    -0.1275264592977222
                ],
                [
                    0.08050745250392954,
                    0.1292901688903121,
                    0.9883332445686738
                ]
            ],
            "translation_vector": [
                -3.9382951643112047,
                -3.6171628293839353,
                14.659111357232524
            ]
        },
        {
            "image_id": "7",
            "rotation_matrix": [
                [
                    0.9945032286679512,
                    -0.018005838477223098,
                    -0.10314610002202185
                ],
                [
                    -0.02508535214993305,
                    0.9154406463464846,
                    -0.4016704471631494
                ],
                [
                    0.10165654566497245,
                    0.4020500128061964,
                    0.909956995646499
                ]
            ],
            "translation_vector": [
                -3.9382951643112047,
                -3.6171628293839353,
                14.659111357232524
            ]
        },
        {
            "image_id": "8",
            "rotation_matrix": [
                [
                    0.9804388263637771,
                    0.0557420355306681,
                    0.1887658158494725
                ],
                [
                    -0.043897580042420475,
                    0.9968296777084642,
                    -0.06635959694014662
                ],
                [
                    -0.19186638638604342,
                    0.056775162831445625,
                    0.9797774597635038
                ]
            ],
            "translation_vector": [
                -3.9382951643112047,
                -3.6171628293839353,
                14.659111357232524
            ]
        },
        {
            "image_id": "9",
            "rotation_matrix": [
                [
                    0.8475277124713378,
                    -0.27398880886566834,
                    0.45456232708999694
                ],
                [
                    0.08054612607093246,
                    0.9129283352107933,
                    0.4000927096864109
                ],
                [
                    -0.5246037534826324,
                    -0.3024764245120956,
                    0.7958008007323892
                ]
            ],
            "translation_vector": [
                -3.9382951643112047,
                -3.6171628293839353,
                14.659111357232524
            ]
        }
    ],
    "radial_distortion_coefficients": [
        0.1976,
        -0.7069,
        0.0488
    ],
    "reprojection_errors": {
        "mean_error": 0.06971433798479718,
        "std_dev": 0.02321370186242417
    }
}